-19
18
-8
8
00000000000000000000000000000000000000
00000000000000000000000000010000000000
00000000000000000000000000011000000000
00000000000000000000000000001100000000
00000000000000000000000000000000000000
00000001110000000000011111110000000000
00000000000000000000011111110000000000
00000000000000000000011111110010000000
00000000000000000000011111110010000000
00000000000000111000011111110010000000
00000000000000000000011111110000000000
00000111000000000000011111110000000000
00000000000000000000000000000000000000
00000000000000000000000000000000000000
00000000000000000000000000000000000000
00000000000000000000000000000000000000
00000000000000000000000000000000000000
